2014016
2019068
2020051
2020069
2020073
2020078
2020080
2020115
2020126
2020138
2020188
2020346
2021001
2021002
2021003
2021004
2021005
2021006
2021007
2021008
2021009
2021010
2021011
2021012
2021013
2021014
2021015
2021016
2021017
2021018
2021019
2021020
2021022
2021023
2021024
2021025
2021026
2021027
2021028
2021029
2021030
2021031
2021033
2021034
2021035
2021036
2021038
2021039
2021040
2021041
2021042
2021043
2021044
2021045
2021046
2021047
2021048
2021049
2021050
2021051
2021052
2021053
2021054
2021055
2021056
2021057
2021058
2021059
2021060
2021061
2021062
2021063
2021064
2021065
2021066
2021067
2021068
2021069
2021070
2021071
2021072
2021074
2021075
2021076
2021078
2021079
2021080
2021081
2021082
2021083
2021084
2021085
2021086
2021087
2021088
2021089
2021090
2021091
2021092
2021093
2021094
2021095
2021096
2021097
2021098
2021099
2021100
2021101
2021102
2021103
2021104
2021107
2021234