5589
3427
17760
24240
5040
9804
14873
12062
11016
1512
9792
3600
3129
17550
23912
16665
8280
16376
29156
10320
17160
1173
204
21746
8326
15984
1533
1640
918
10206
20544
26164
21432
6804
7650
11259
7035
5883
6615
10695
7776
4420
16638
7900
10980
2736
8798
4110
6048
5096
4510
12600
1240
17017
18029
2728
13248
2856
5754
7068
20592
2520
5547
21384
14616
7344
5265
17955
4172
5256
3212
4392
23852
9216
714
5325
15795
2565
7192
27306
3245
3996
17172
12644
12642
7072
6630
19372
3468
4896
25258
3026
13860
17005
20424
23474
32058
3016
26752
1001
4601
6958
23166
7597
3914
1350
3200
8976
10653
2544
5160
15080
22898
5858
31290
34950
11235
19570
8607
6565
17280
14880
13056
2960
22388
20358
2679
1330
4551
22041
10850
1932
14256
19604
7350
10994
1225
5355
27183
7598
910
891
1580
1072
15756
1710
14798
7722
7738
