81
23
96
120
56
129
139
74
81
126
64
50
149
78
122
101
72
92
148
60
104
69
17
131
46
74
21
40
18
81
107
124
94
36
150
139
67
111
45
93
72
130
118
79
90
18
83
30
27
52
22
105
20
143
121
88
69
21
137
57
88
72
129
99
63
48
117
133
149
36
22
72
134
64
42
25
117
45
124
123
55
36
81
116
86
34
102
116
102
34
146
89
90
95
92
121
137
104
128
77
43
49
99
71
38
18
40
132
67
48
24
116
107
58
149
150
105
95
57
65
72
96
128
37
116
87
57
35
41
93
70
23
81
116
50
46
49
45
123
131
35
27
79
16
101
19
98
117
53
