69
149
185
202
90
76
107
163
136
12
153
72
21
225
196
165
115
178
197
172
165
17
12
166
181
216
73
41
51
126
192
211
228
189
51
81
105
53
147
115
108
34
141
100
122
152
106
137
224
98
205
120
62
119
149
31
192
136
42
124
234
35
43
216
232
153
45
135
28
146
146
61
178
144
17
213
135
57
58
222
59
111
212
109
147
208
65
167
34
144
173
34
154
179
222
194
234
29
209
13
107
142
234
107
103
75
80
68
159
53
215
130
214
101
210
233
107
206
151
101
240
155
102
80
193
234
47
38
111
237
155
84
176
169
147
239
25
119
221
58
26
33
20
67
156
90
151
66
146
